loss = 0.0034
iou_binarized = 0.9502
iou = 0.9302
recall = 0.9709
precision = 0.9561
F1_score = 0.9634


['loss', 'iou_binarized', 'iou', 'recall', 'precision', 'F1_score']
eval_0 = [0.06220446 0.84119427 0.83584064 0.89865768 0.92326343 0.91015375]
eval_1 = [0.03412886 0.92095619 0.91458255 0.94855094 0.96236396 0.95535827]
eval_2 = [0.00996246 0.61838359 0.58109868 0.78360617 0.69361103 0.7350564 ]
eval_3 = [0.00738762 0.71660298 0.68082917 0.83586788 0.78537428 0.8097223 ]

epochs = 400
weights = [0.8, 1.25]
learning_rate_ini = 0.001
time = 2022-07-14 17:57:36.816886
